0.7132720947265625
0.708343505859375
0.6891632080078125
0.6632537841796875
0.6744842529296875
0.6262359619140625
0.5967559814453125
0.5457916259765625
0.5141448974609375
0.5395050048828125
0.4939727783203125
0.4865875244140625
0.5285491943359375
0.5440216064453125
0.5638427734375
0.589019775390625
0.596710205078125
0.5753631591796875
0.5874176025390625
0.5625
0.566436767578125
0.5617446899414062
0.5741195678710938
0.5760574340820312
0.5843582153320312
0.5664291381835938
0.5781478881835938
0.5721359252929688
0.5621871948242188
0.5503768920898438
0.549041748046875
0.5272064208984375
