0.7015838623046875
0.6984100341796875
0.703399658203125
0.706268310546875
0.7402801513671875
0.7058258056640625
0.6791229248046875
0.632965087890625
0.628875732421875
0.6500701904296875
0.6119842529296875
0.60467529296875
0.6622161865234375
0.6773223876953125
0.7156219482421875
0.7465972900390625
0.7568206787109375
0.757568359375
0.77886962890625
0.7896575927734375
0.773681640625
0.7754364013671875
0.7823028564453125
0.7918548583984375
0.8077392578125
0.7975006103515625
0.8166961669921875
0.8008575439453125
0.7830810546875
0.769012451171875
0.7300262451171875
0.62115478515625
