0.8165435791015625
0.6131744384765625
0.59222412109375
0.4987335205078125
0.39588165283203125
0.38567352294921875
0.32281494140625
0.2579689025878906
0.2685356140136719
0.31427764892578125
0.289276123046875
0.25937652587890625
0.3076171875
0.33292388916015625
0.364349365234375
0.39795684814453125
0.4004364013671875
0.4172210693359375
0.448150634765625
0.43126678466796875
0.4180450439453125
0.42607879638671875
0.41544342041015625
0.42529296875
0.42156982421875
0.40306854248046875
0.4217376708984375
0.40322113037109375
0.4041900634765625
0.42385101318359375
0.4364013671875
0.4615631103515625
