0.7310638427734375
0.5614700317382812
0.5924224853515625
0.46982574462890625
0.37180328369140625
0.4128570556640625
0.3566131591796875
0.34420013427734375
0.37610626220703125
0.391021728515625
0.3664093017578125
0.344482421875
0.38289642333984375
0.39116668701171875
0.4081878662109375
0.447357177734375
0.49912261962890625
0.5239410400390625
0.5781478881835938
0.5647125244140625
0.5593109130859375
0.5844268798828125
0.60589599609375
0.6240081787109375
0.64764404296875
0.629425048828125
0.6534881591796875
0.6426544189453125
0.6394195556640625
0.6451568603515625
0.6572418212890625
0.6850738525390625
