0.7310028076171875
0.5614547729492188
0.5944290161132812
0.4671478271484375
0.3748016357421875
0.41577911376953125
0.3556060791015625
0.33721160888671875
0.3612060546875
0.3723297119140625
0.3408203125
0.3179168701171875
0.367279052734375
0.36864471435546875
0.38109588623046875
0.40770721435546875
0.45374298095703125
0.48193359375
0.5330734252929688
0.5136032104492188
0.5053863525390625
0.5142822265625
0.5282135009765625
0.5254669189453125
0.5304107666015625
0.484527587890625
0.502532958984375
0.467437744140625
0.45074462890625
0.44519805908203125
0.4609222412109375
0.4986724853515625
