0.59478759765625
0.44742584228515625
0.49102783203125
0.3635101318359375
0.316192626953125
0.350616455078125
0.3030242919921875
0.2875518798828125
0.34459686279296875
0.34654998779296875
0.32593536376953125
0.30287933349609375
0.3940887451171875
0.37654876708984375
0.3742218017578125
0.3997802734375
0.41529083251953125
0.4280242919921875
0.46894073486328125
0.47774505615234375
0.47283172607421875
0.4912567138671875
0.5079116821289062
0.507598876953125
0.5115280151367188
0.4813079833984375
0.4915924072265625
0.4613189697265625
0.4399566650390625
0.4457855224609375
0.4586181640625
0.5268020629882812
