0.7300262451171875
0.5594406127929688
0.5848464965820312
0.466888427734375
0.36592864990234375
0.4051513671875
0.35242462158203125
0.34307098388671875
0.3791046142578125
0.39502716064453125
0.37281036376953125
0.35117340087890625
0.3820953369140625
0.3927459716796875
0.41072845458984375
0.453369140625
0.5003890991210938
0.5196914672851562
0.5727386474609375
0.5562973022460938
0.5464019775390625
0.5758132934570312
0.5969772338867188
0.6213912963867188
0.6498947143554688
0.6383819580078125
0.6630706787109375
0.657379150390625
0.66241455078125
0.6759796142578125
0.6941375732421875
0.737945556640625
