0.717193603515625
0.7360992431640625
0.7368316650390625
0.720947265625
0.7482757568359375
0.68853759765625
0.6620941162109375
0.6207122802734375
0.5854339599609375
0.6012420654296875
0.5303497314453125
0.4682769775390625
0.53302001953125
0.564788818359375
0.5844879150390625
0.553680419921875
0.5239410400390625
0.5215911865234375
0.5245361328125
0.46787261962890625
0.4396820068359375
0.44083404541015625
0.45337677001953125
0.423187255859375
0.4142608642578125
0.3275604248046875
0.29947662353515625
0.22671890258789062
0.18003463745117188
0.0888524055480957
0.11015796661376953
0.22348403930664062
