0.7041168212890625
0.6998291015625
0.7041473388671875
0.7067718505859375
0.741790771484375
0.707275390625
0.6788330078125
0.63299560546875
0.6260833740234375
0.647491455078125
0.606109619140625
0.59552001953125
0.6536712646484375
0.6703338623046875
0.7073822021484375
0.737335205078125
0.748931884765625
0.748016357421875
0.7693634033203125
0.77996826171875
0.764251708984375
0.766448974609375
0.771026611328125
0.7795562744140625
0.796630859375
0.785919189453125
0.806182861328125
0.7888641357421875
0.7706146240234375
0.7547454833984375
0.7159423828125
0.6007537841796875
