0.7058868408203125
0.7039642333984375
0.7086639404296875
0.71014404296875
0.743499755859375
0.7077789306640625
0.6799163818359375
0.6354522705078125
0.627532958984375
0.6478729248046875
0.6059417724609375
0.5950469970703125
0.6547088623046875
0.6711273193359375
0.706878662109375
0.735504150390625
0.7474365234375
0.7456512451171875
0.766845703125
0.777069091796875
0.762359619140625
0.7655487060546875
0.76971435546875
0.778778076171875
0.794952392578125
0.7840576171875
0.8028564453125
0.7860107421875
0.767181396484375
0.753173828125
0.7180023193359375
0.63165283203125
