0.5875930786132812
0.4365386962890625
0.47434234619140625
0.35843658447265625
0.30268096923828125
0.337432861328125
0.29338836669921875
0.2885894775390625
0.35822296142578125
0.35594940185546875
0.34597015380859375
0.3193359375
0.3812713623046875
0.362945556640625
0.357025146484375
0.4013671875
0.40988922119140625
0.4101409912109375
0.45816802978515625
0.46755218505859375
0.46082305908203125
0.5089950561523438
0.5348663330078125
0.5572967529296875
0.5858383178710938
0.5901260375976562
0.6181488037109375
0.6160964965820312
0.61968994140625
0.64532470703125
0.6524200439453125
0.6667022705078125
