0.690826416015625
0.6951446533203125
0.701873779296875
0.699676513671875
0.7352752685546875
0.7025299072265625
0.6785125732421875
0.6354827880859375
0.629119873046875
0.6443023681640625
0.60467529296875
0.5966033935546875
0.6506805419921875
0.66619873046875
0.70623779296875
0.732269287109375
0.7386932373046875
0.7380218505859375
0.756439208984375
0.7617034912109375
0.748321533203125
0.7501983642578125
0.753570556640625
0.764739990234375
0.781219482421875
0.7659454345703125
0.7869415283203125
0.7687530517578125
0.7454681396484375
0.7218017578125
0.6836395263671875
0.593505859375
