0.7296218872070312
0.5582122802734375
0.5829544067382812
0.46517181396484375
0.36307525634765625
0.40178680419921875
0.35007476806640625
0.3412017822265625
0.37813568115234375
0.3945770263671875
0.3720703125
0.3504638671875
0.3796539306640625
0.390350341796875
0.40821075439453125
0.45166778564453125
0.49741363525390625
0.5153274536132812
0.5681304931640625
0.5502777099609375
0.5391311645507812
0.5679092407226562
0.5885848999023438
0.6138763427734375
0.6431884765625
0.631134033203125
0.6558685302734375
0.6493988037109375
0.655303955078125
0.668182373046875
0.687164306640625
0.7309722900390625
