0.5816497802734375
0.438690185546875
0.47296905517578125
0.36745452880859375
0.3132781982421875
0.33609771728515625
0.29596710205078125
0.28414154052734375
0.33383941650390625
0.33106231689453125
0.3066864013671875
0.2887992858886719
0.38037872314453125
0.36298370361328125
0.3660430908203125
0.37743377685546875
0.39653778076171875
0.408966064453125
0.43811798095703125
0.4452362060546875
0.43671417236328125
0.44870758056640625
0.4597625732421875
0.456024169921875
0.45816802978515625
0.42950439453125
0.43878936767578125
0.41109466552734375
0.39319610595703125
0.39923858642578125
0.41400146484375
0.472015380859375
