0.6956634521484375
0.7061614990234375
0.717498779296875
0.705841064453125
0.7325439453125
0.691864013671875
0.670684814453125
0.6291046142578125
0.6200714111328125
0.6327362060546875
0.5892791748046875
0.57708740234375
0.6364593505859375
0.6479034423828125
0.684295654296875
0.7016448974609375
0.70538330078125
0.701202392578125
0.7220458984375
0.715972900390625
0.7003631591796875
0.7004241943359375
0.703033447265625
0.711151123046875
0.720306396484375
0.6910858154296875
0.705169677734375
0.6754302978515625
0.6424713134765625
0.6125030517578125
0.5876312255859375
0.5966644287109375
