0.59210205078125
0.44329833984375
0.485595703125
0.36367034912109375
0.311309814453125
0.34719085693359375
0.3012542724609375
0.29244232177734375
0.358673095703125
0.35809326171875
0.3458404541015625
0.3217010498046875
0.39756011962890625
0.38037872314453125
0.37615203857421875
0.41555023193359375
0.43164825439453125
0.4392547607421875
0.48560333251953125
0.501129150390625
0.500152587890625
0.5434799194335938
0.5673294067382812
0.585174560546875
0.6075210571289062
0.6072845458984375
0.6313629150390625
0.6251983642578125
0.6204452514648438
0.6424407958984375
0.652984619140625
0.6965484619140625
