0.7068328857421875
0.7202301025390625
0.72186279296875
0.721649169921875
0.75408935546875
0.7077789306640625
0.6829681396484375
0.637969970703125
0.6226806640625
0.6478424072265625
0.6026611328125
0.568145751953125
0.621795654296875
0.6519622802734375
0.686920166015625
0.7107086181640625
0.7260589599609375
0.72222900390625
0.73712158203125
0.74334716796875
0.7288665771484375
0.7380828857421875
0.7388763427734375
0.7486114501953125
0.76776123046875
0.7492828369140625
0.770843505859375
0.7518768310546875
0.7293853759765625
0.6918182373046875
0.657684326171875
0.5767364501953125
