0.7006988525390625
0.7164764404296875
0.72802734375
0.7034759521484375
0.720550537109375
0.6675262451171875
0.64691162109375
0.6051025390625
0.5899658203125
0.5964202880859375
0.5426483154296875
0.521026611328125
0.590728759765625
0.591766357421875
0.61712646484375
0.6130523681640625
0.6009521484375
0.5937042236328125
0.6129913330078125
0.574188232421875
0.5407562255859375
0.5322265625
0.5328826904296875
0.519287109375
0.50732421875
0.44149017333984375
0.4435882568359375
0.38451385498046875
0.3477134704589844
0.3136940002441406
0.32138824462890625
0.43788909912109375
