0.7265777587890625
0.5537796020507812
0.5653152465820312
0.45563507080078125
0.37816619873046875
0.43079376220703125
0.37847137451171875
0.337066650390625
0.35256195068359375
0.38421630859375
0.36510467529296875
0.35041046142578125
0.38616943359375
0.42211151123046875
0.44699859619140625
0.467620849609375
0.49079132080078125
0.5090484619140625
0.5467300415039062
0.5163040161132812
0.51318359375
0.5232925415039062
0.5272979736328125
0.5369338989257812
0.5486373901367188
0.5299301147460938
0.5462646484375
0.5428466796875
0.545501708984375
0.5549468994140625
0.5712127685546875
0.5861968994140625
