0.731170654296875
0.7246246337890625
0.7002410888671875
0.67236328125
0.67218017578125
0.6248931884765625
0.587982177734375
0.5379791259765625
0.4944610595703125
0.5203094482421875
0.4828643798828125
0.47650146484375
0.524078369140625
0.525115966796875
0.539215087890625
0.5589447021484375
0.5704193115234375
0.5349578857421875
0.545654296875
0.51617431640625
0.5072860717773438
0.49039459228515625
0.4784088134765625
0.46826171875
0.47840118408203125
0.46832275390625
0.48165130615234375
0.48321533203125
0.49422454833984375
0.5116729736328125
0.522552490234375
0.5240478515625
