0.8152008056640625
0.603790283203125
0.5852813720703125
0.4854583740234375
0.3694915771484375
0.3613128662109375
0.30094146728515625
0.2596435546875
0.298309326171875
0.32924652099609375
0.30007171630859375
0.2584190368652344
0.29209136962890625
0.28912353515625
0.3059234619140625
0.3466339111328125
0.37464141845703125
0.40360260009765625
0.42508697509765625
0.4195556640625
0.4018707275390625
0.41754150390625
0.41268157958984375
0.436279296875
0.4307098388671875
0.42142486572265625
0.4540863037109375
0.43180084228515625
0.44010162353515625
0.4504547119140625
0.4842376708984375
0.5676727294921875
