0.5916290283203125
0.44095611572265625
0.4470672607421875
0.3664703369140625
0.318756103515625
0.34627532958984375
0.30359649658203125
0.28623199462890625
0.31322479248046875
0.32598114013671875
0.3196220397949219
0.3184318542480469
0.36800384521484375
0.38149261474609375
0.40772247314453125
0.423309326171875
0.42839813232421875
0.4273834228515625
0.4578857421875
0.45206451416015625
0.43817138671875
0.443328857421875
0.436981201171875
0.43442535400390625
0.43973541259765625
0.42847442626953125
0.44439697265625
0.44425201416015625
0.45298004150390625
0.47798919677734375
0.49179840087890625
0.5195999145507812
