0.7049713134765625
0.716827392578125
0.71881103515625
0.719024658203125
0.7525634765625
0.706817626953125
0.681304931640625
0.634765625
0.6208038330078125
0.647247314453125
0.604034423828125
0.5718994140625
0.6243896484375
0.6533203125
0.6890716552734375
0.7167816162109375
0.7336273193359375
0.72998046875
0.744598388671875
0.751922607421875
0.7376708984375
0.746368408203125
0.7465667724609375
0.75677490234375
0.775482177734375
0.7596282958984375
0.781280517578125
0.7646636962890625
0.743988037109375
0.710479736328125
0.6761322021484375
0.588226318359375
