0.7115936279296875
0.7284088134765625
0.731781005859375
0.7254791259765625
0.7548828125
0.7039337158203125
0.6806182861328125
0.6386260986328125
0.616790771484375
0.6372222900390625
0.5820770263671875
0.5366668701171875
0.59478759765625
0.62872314453125
0.659332275390625
0.6651611328125
0.6673583984375
0.6657562255859375
0.679840087890625
0.6733245849609375
0.655548095703125
0.6620330810546875
0.668060302734375
0.67193603515625
0.68841552734375
0.6511383056640625
0.662261962890625
0.624542236328125
0.5900115966796875
0.5212554931640625
0.4898681640625
0.46387481689453125
