0.5753173828125
0.43083953857421875
0.459808349609375
0.36383056640625
0.30281829833984375
0.32772064208984375
0.28954315185546875
0.2877960205078125
0.34671783447265625
0.34067535400390625
0.3249969482421875
0.3076324462890625
0.3757476806640625
0.36023712158203125
0.363372802734375
0.39272308349609375
0.4138641357421875
0.414947509765625
0.44675445556640625
0.4572906494140625
0.4521331787109375
0.49428558349609375
0.512237548828125
0.5330429077148438
0.5536880493164062
0.556793212890625
0.5804443359375
0.5735015869140625
0.580718994140625
0.6074676513671875
0.6207275390625
0.6479949951171875
