0.8184967041015625
0.6120071411132812
0.6025848388671875
0.4872283935546875
0.37613677978515625
0.37929534912109375
0.30853271484375
0.2510871887207031
0.27081298828125
0.3143157958984375
0.2725868225097656
0.23554611206054688
0.28829193115234375
0.2601165771484375
0.26847076416015625
0.306365966796875
0.3343048095703125
0.39902496337890625
0.43556976318359375
0.41211700439453125
0.40769195556640625
0.4033660888671875
0.38909149169921875
0.39388275146484375
0.39223480224609375
0.35457611083984375
0.34576416015625
0.3300628662109375
0.30670928955078125
0.2876014709472656
0.29229736328125
0.340667724609375
