0.6892852783203125
0.691650390625
0.6979217529296875
0.6970062255859375
0.7346649169921875
0.7028656005859375
0.678192138671875
0.634521484375
0.6284027099609375
0.6440887451171875
0.6046905517578125
0.5976104736328125
0.6506805419921875
0.6666412353515625
0.707427978515625
0.7346954345703125
0.741363525390625
0.741363525390625
0.7595062255859375
0.7657623291015625
0.7518463134765625
0.752593994140625
0.75628662109375
0.767547607421875
0.7853240966796875
0.7709503173828125
0.792144775390625
0.7747802734375
0.75311279296875
0.7286376953125
0.6873016357421875
0.571044921875
