0.8169403076171875
0.6085281372070312
0.5953369140625
0.489013671875
0.37425994873046875
0.371795654296875
0.30706024169921875
0.259033203125
0.29064178466796875
0.3269500732421875
0.2928009033203125
0.2530937194824219
0.29442596435546875
0.28098297119140625
0.2963104248046875
0.33831787109375
0.368927001953125
0.41289520263671875
0.44028472900390625
0.43426513671875
0.42281341552734375
0.43372344970703125
0.42450714111328125
0.44568634033203125
0.4430999755859375
0.43068695068359375
0.4564208984375
0.44012451171875
0.441619873046875
0.44535064697265625
0.4606475830078125
0.5155487060546875
