0.702850341796875
0.7021331787109375
0.707855224609375
0.709442138671875
0.7417755126953125
0.7061004638671875
0.68011474609375
0.634735107421875
0.6305694580078125
0.650665283203125
0.61224365234375
0.6046295166015625
0.663818359375
0.678192138671875
0.716094970703125
0.7453460693359375
0.7560577392578125
0.7564239501953125
0.777862548828125
0.7884063720703125
0.7728424072265625
0.7760467529296875
0.782562255859375
0.7924346923828125
0.8070068359375
0.796966552734375
0.8155975341796875
0.7994384765625
0.78125
0.7687530517578125
0.733856201171875
0.65570068359375
