0.6040878295898438
0.4473876953125
0.46303558349609375
0.3590850830078125
0.3160400390625
0.3564453125
0.30945587158203125
0.28617095947265625
0.3220977783203125
0.3387603759765625
0.33811187744140625
0.33274078369140625
0.367950439453125
0.38265228271484375
0.40300750732421875
0.43643951416015625
0.43083953857421875
0.43474578857421875
0.47077178955078125
0.46285247802734375
0.45543670654296875
0.45355224609375
0.45151519775390625
0.452178955078125
0.45624542236328125
0.4463348388671875
0.4653167724609375
0.46382904052734375
0.47246551513671875
0.4990081787109375
0.5198822021484375
0.5535430908203125
