0.8139190673828125
0.6016006469726562
0.582427978515625
0.4829864501953125
0.36719512939453125
0.35778045654296875
0.29813385009765625
0.25804901123046875
0.29810333251953125
0.32831573486328125
0.300201416015625
0.2581329345703125
0.29001617431640625
0.28897857666015625
0.30617523193359375
0.34653472900390625
0.3734588623046875
0.39926910400390625
0.4199371337890625
0.41364288330078125
0.39459991455078125
0.40996551513671875
0.40630340576171875
0.4304962158203125
0.42435455322265625
0.41513824462890625
0.4478759765625
0.42426300048828125
0.43312835693359375
0.4423675537109375
0.47908782958984375
0.5682525634765625
