0.7109222412109375
0.7162017822265625
0.72515869140625
0.7176055908203125
0.742156982421875
0.6988983154296875
0.675384521484375
0.6317291259765625
0.62060546875
0.63690185546875
0.590728759765625
0.574798583984375
0.6437835693359375
0.655975341796875
0.6865081787109375
0.704010009765625
0.7157135009765625
0.70916748046875
0.73150634765625
0.7328643798828125
0.7170867919921875
0.7196807861328125
0.7225494384765625
0.728118896484375
0.738739013671875
0.7183837890625
0.7277984619140625
0.699371337890625
0.671142578125
0.655059814453125
0.631072998046875
0.6445159912109375
