0.7161407470703125
0.726593017578125
0.73675537109375
0.717041015625
0.732269287109375
0.676971435546875
0.6556243896484375
0.6111297607421875
0.5906982421875
0.5996246337890625
0.5432586669921875
0.513671875
0.5988006591796875
0.6001129150390625
0.615020751953125
0.6061553955078125
0.600311279296875
0.5882110595703125
0.6040191650390625
0.575714111328125
0.54327392578125
0.5362777709960938
0.5384140014648438
0.5208587646484375
0.5120620727539062
0.4608306884765625
0.4548492431640625
0.4019927978515625
0.36293792724609375
0.34699249267578125
0.34696197509765625
0.4579925537109375
