0.7216949462890625
0.72161865234375
0.7040252685546875
0.68035888671875
0.68902587890625
0.6204071044921875
0.59014892578125
0.53662109375
0.4862213134765625
0.50311279296875
0.4436492919921875
0.40441131591796875
0.42577362060546875
0.4397735595703125
0.4679412841796875
0.4908447265625
0.53057861328125
0.48369598388671875
0.4870758056640625
0.47199249267578125
0.46338653564453125
0.4768218994140625
0.4874420166015625
0.5084381103515625
0.5273666381835938
0.5102920532226562
0.526702880859375
0.5185089111328125
0.5151138305664062
0.479278564453125
0.45697021484375
0.4136962890625
