0.7139434814453125
0.7255401611328125
0.7359466552734375
0.715728759765625
0.73046875
0.67547607421875
0.65521240234375
0.6107330322265625
0.5952301025390625
0.6060333251953125
0.5525054931640625
0.5288238525390625
0.612396240234375
0.611968994140625
0.6325836181640625
0.62860107421875
0.6227874755859375
0.61309814453125
0.6343536376953125
0.6058349609375
0.572784423828125
0.56585693359375
0.571807861328125
0.5569000244140625
0.5468292236328125
0.492889404296875
0.48223114013671875
0.42276763916015625
0.3835906982421875
0.36579132080078125
0.3656768798828125
0.485992431640625
