0.5745773315429688
0.4292144775390625
0.45787811279296875
0.3620452880859375
0.3002166748046875
0.3251495361328125
0.28723907470703125
0.28598785400390625
0.34520721435546875
0.3391571044921875
0.323333740234375
0.305450439453125
0.3714141845703125
0.35555267333984375
0.35865020751953125
0.38895416259765625
0.40900421142578125
0.40850830078125
0.4401092529296875
0.4498291015625
0.44333648681640625
0.48538970947265625
0.5023880004882812
0.52410888671875
0.545196533203125
0.54779052734375
0.5714035034179688
0.5635223388671875
0.5710220336914062
0.5968399047851562
0.6081085205078125
0.6284942626953125
