0.70867919921875
0.7142791748046875
0.724639892578125
0.7167510986328125
0.7404022216796875
0.6977081298828125
0.675048828125
0.631439208984375
0.6239471435546875
0.6411590576171875
0.5985260009765625
0.586456298828125
0.6544952392578125
0.6645050048828125
0.69842529296875
0.7184600830078125
0.72894287109375
0.7258148193359375
0.748992919921875
0.7513580322265625
0.7345123291015625
0.73736572265625
0.743133544921875
0.74957275390625
0.759246826171875
0.739471435546875
0.74749755859375
0.7190399169921875
0.69061279296875
0.6750030517578125
0.6504669189453125
0.67108154296875
