0.729095458984375
0.72149658203125
0.695648193359375
0.6713104248046875
0.677947998046875
0.6290130615234375
0.5969390869140625
0.5438079833984375
0.500732421875
0.52423095703125
0.4853668212890625
0.480224609375
0.5243988037109375
0.5270538330078125
0.5367889404296875
0.561309814453125
0.572357177734375
0.5451812744140625
0.560150146484375
0.5287246704101562
0.522796630859375
0.5064773559570312
0.49652862548828125
0.48668670654296875
0.4968109130859375
0.48888397216796875
0.4987640380859375
0.49559783935546875
0.5048751831054688
0.5206756591796875
0.53790283203125
0.545501708984375
