0.5784759521484375
0.43524169921875
0.46826171875
0.36739349365234375
0.30844879150390625
0.333526611328125
0.294525146484375
0.289398193359375
0.34606170654296875
0.34185791015625
0.32439422607421875
0.30750274658203125
0.3855438232421875
0.36963653564453125
0.37364959716796875
0.39825439453125
0.4229583740234375
0.42987823486328125
0.46231842041015625
0.47655487060546875
0.4741973876953125
0.5096588134765625
0.52825927734375
0.5439300537109375
0.560791015625
0.5591049194335938
0.579681396484375
0.5684585571289062
0.5679550170898438
0.5893478393554688
0.603179931640625
0.6441192626953125
