0.5888900756835938
0.43851470947265625
0.47663116455078125
0.36022186279296875
0.3053436279296875
0.340057373046875
0.2957916259765625
0.2903594970703125
0.35980987548828125
0.357421875
0.34778594970703125
0.32183837890625
0.38616943359375
0.36837005615234375
0.36277008056640625
0.4061431884765625
0.41620635986328125
0.41796112060546875
0.46546173095703125
0.4765777587890625
0.47083282470703125
0.5197372436523438
0.5455551147460938
0.5673446655273438
0.5951461791992188
0.5999603271484375
0.6282958984375
0.6271438598632812
0.63067626953125
0.65765380859375
0.666900634765625
0.6915283203125
