0.89666748046875
0.8680419921875
0.861236572265625
0.743988037109375
0.6671905517578125
0.6868743896484375
0.6635284423828125
0.5433807373046875
0.529571533203125
0.6054229736328125
0.629486083984375
0.6059112548828125
0.588348388671875
0.582672119140625
0.647125244140625
0.6172637939453125
0.6098480224609375
0.638458251953125
0.6214599609375
0.66741943359375
0.669708251953125
0.69073486328125
0.6714935302734375
0.654296875
0.682220458984375
0.6913604736328125
0.7367401123046875
0.87005615234375
