0.883544921875
0.88580322265625
0.890411376953125
0.84478759765625
0.840667724609375
0.7926483154296875
0.7773284912109375
0.75274658203125
0.7299041748046875
0.7430877685546875
0.727752685546875
0.7030487060546875
0.6926422119140625
0.680877685546875
0.6664276123046875
0.6413116455078125
0.586334228515625
0.5689849853515625
0.5224456787109375
0.43822479248046875
0.37914276123046875
0.3110809326171875
0.2637939453125
0.2635917663574219
0.26813507080078125
0.2756500244140625
0.318450927734375
0.4689607620239258
