0.885833740234375
0.892059326171875
0.895477294921875
0.851593017578125
0.849822998046875
0.815765380859375
0.808502197265625
0.7890167236328125
0.7954559326171875
0.803955078125
0.804595947265625
0.7957916259765625
0.786590576171875
0.77337646484375
0.7466888427734375
0.73321533203125
0.6744384765625
0.655364990234375
0.605926513671875
0.53460693359375
0.4811553955078125
0.4390411376953125
0.38339996337890625
0.39202117919921875
0.41693878173828125
0.421478271484375
0.4641265869140625
0.7931976318359375
