0.897430419921875
0.869384765625
0.86114501953125
0.74395751953125
0.6681976318359375
0.6886444091796875
0.665252685546875
0.54473876953125
0.529510498046875
0.6072235107421875
0.6325225830078125
0.60906982421875
0.591064453125
0.5838775634765625
0.6460723876953125
0.61688232421875
0.6071929931640625
0.6361236572265625
0.620086669921875
0.667327880859375
0.670989990234375
0.691802978515625
0.672119140625
0.6562042236328125
0.6841583251953125
0.6930084228515625
0.7387847900390625
0.8702545166015625
