0.8735809326171875
0.852020263671875
0.8411407470703125
0.741729736328125
0.6595001220703125
0.707550048828125
0.6872940063476562
0.5551986694335938
0.5390853881835938
0.565826416015625
0.5819854736328125
0.572509765625
0.555419921875
0.5157012939453125
0.58978271484375
0.5638427734375
0.5273895263671875
0.48626708984375
0.48154449462890625
0.5195770263671875
0.5745391845703125
0.578369140625
0.5867462158203125
0.569091796875
0.5877838134765625
0.5979537963867188
0.609588623046875
0.6422348022460938
