0.8805389404296875
0.8637237548828125
0.8561859130859375
0.766815185546875
0.680633544921875
0.7317047119140625
0.7154388427734375
0.5969619750976562
0.581787109375
0.6031036376953125
0.6223907470703125
0.6161956787109375
0.5985260009765625
0.57421875
0.6506195068359375
0.626739501953125
0.607666015625
0.5928192138671875
0.585479736328125
0.6483306884765625
0.6916351318359375
0.7099761962890625
0.70660400390625
0.7038116455078125
0.7220993041992188
0.73809814453125
0.7729034423828125
0.847991943359375
