0.88970947265625
0.9036865234375
0.904296875
0.857940673828125
0.85272216796875
0.804412841796875
0.80035400390625
0.7576141357421875
0.727386474609375
0.751556396484375
0.754730224609375
0.7353363037109375
0.71929931640625
0.69915771484375
0.667388916015625
0.6485595703125
0.5923309326171875
0.5911712646484375
0.546356201171875
0.4707794189453125
0.42441558837890625
0.3686370849609375
0.3165435791015625
0.326812744140625
0.34430694580078125
0.34206390380859375
0.387603759765625
0.5151748657226562
