0.889617919921875
0.90362548828125
0.90325927734375
0.855438232421875
0.851287841796875
0.804443359375
0.800506591796875
0.7583770751953125
0.7325439453125
0.75238037109375
0.7584075927734375
0.739105224609375
0.7222442626953125
0.70098876953125
0.669952392578125
0.6512908935546875
0.5974578857421875
0.593963623046875
0.548583984375
0.4689788818359375
0.423126220703125
0.36511993408203125
0.31558990478515625
0.327423095703125
0.34487152099609375
0.34328460693359375
0.38866424560546875
0.539703369140625
