0.889251708984375
0.8524627685546875
0.8430633544921875
0.71917724609375
0.6382598876953125
0.642791748046875
0.6054534912109375
0.4770965576171875
0.4837799072265625
0.529815673828125
0.543701171875
0.5142059326171875
0.50384521484375
0.4902801513671875
0.5612945556640625
0.514556884765625
0.5360260009765625
0.51458740234375
0.494873046875
0.5796051025390625
0.577545166015625
0.5868377685546875
0.5610809326171875
0.545166015625
0.570159912109375
0.5825347900390625
0.6070404052734375
0.7571868896484375
