0.88800048828125
0.894683837890625
0.8995361328125
0.85662841796875
0.85296630859375
0.810516357421875
0.804962158203125
0.7833709716796875
0.7727508544921875
0.78875732421875
0.7868194580078125
0.7710723876953125
0.7589569091796875
0.748321533203125
0.7235107421875
0.70831298828125
0.6543121337890625
0.644378662109375
0.5934295654296875
0.5157470703125
0.4540557861328125
0.39608001708984375
0.340728759765625
0.35048675537109375
0.36834716796875
0.37131500244140625
0.42364501953125
0.7142486572265625
