0.89471435546875
0.863922119140625
0.856414794921875
0.7378692626953125
0.6580352783203125
0.67291259765625
0.645416259765625
0.522125244140625
0.516448974609375
0.5833892822265625
0.6045379638671875
0.578704833984375
0.563568115234375
0.559173583984375
0.6308746337890625
0.593780517578125
0.5957489013671875
0.613800048828125
0.594482421875
0.6479644775390625
0.647552490234375
0.6665496826171875
0.6464385986328125
0.6265869140625
0.655029296875
0.66656494140625
0.7090606689453125
0.8447418212890625
