0.89715576171875
0.87103271484375
0.861358642578125
0.7443389892578125
0.6660003662109375
0.6754913330078125
0.6646270751953125
0.5708465576171875
0.542083740234375
0.6043243408203125
0.626617431640625
0.5890350341796875
0.56390380859375
0.58258056640625
0.6376953125
0.618316650390625
0.6000213623046875
0.5918121337890625
0.5935516357421875
0.6408843994140625
0.6352691650390625
0.6501617431640625
0.618927001953125
0.60223388671875
0.629913330078125
0.6376800537109375
0.67340087890625
0.70562744140625
