0.8040924072265625
0.811126708984375
0.8091278076171875
0.6959381103515625
0.622650146484375
0.669219970703125
0.65167236328125
0.5214691162109375
0.5402679443359375
0.557464599609375
0.59246826171875
0.609649658203125
0.6070404052734375
0.579376220703125
0.651031494140625
0.620697021484375
0.602752685546875
0.6308746337890625
0.637664794921875
0.6855316162109375
0.676788330078125
0.663909912109375
0.6559906005859375
0.6343231201171875
0.6218948364257812
0.64520263671875
0.6819000244140625
0.7149658203125
