0.8349151611328125
0.8320770263671875
0.8199615478515625
0.7116546630859375
0.62823486328125
0.6820526123046875
0.66162109375
0.5397186279296875
0.55303955078125
0.5887603759765625
0.6202239990234375
0.6240081787109375
0.6128387451171875
0.5794525146484375
0.656524658203125
0.63739013671875
0.619476318359375
0.640655517578125
0.6414642333984375
0.676300048828125
0.681915283203125
0.673980712890625
0.65789794921875
0.636322021484375
0.611785888671875
0.6447982788085938
0.6872711181640625
0.7508697509765625
