0.88433837890625
0.8966064453125
0.898040771484375
0.846038818359375
0.844024658203125
0.8020172119140625
0.797760009765625
0.7469635009765625
0.7189788818359375
0.7386627197265625
0.74041748046875
0.714385986328125
0.7001190185546875
0.68017578125
0.655120849609375
0.632598876953125
0.5812530517578125
0.5750885009765625
0.5381622314453125
0.4674835205078125
0.4270477294921875
0.36594390869140625
0.3137664794921875
0.32567596435546875
0.34159088134765625
0.34012603759765625
0.38443756103515625
0.5303955078125
