0.887054443359375
0.898956298828125
0.900726318359375
0.85540771484375
0.85162353515625
0.806610107421875
0.803131103515625
0.7582550048828125
0.7445220947265625
0.75677490234375
0.7601776123046875
0.7386627197265625
0.7105255126953125
0.6950531005859375
0.6702728271484375
0.6482086181640625
0.5895538330078125
0.5941619873046875
0.5624237060546875
0.493499755859375
0.43756103515625
0.38422393798828125
0.331787109375
0.34134674072265625
0.3663330078125
0.3676300048828125
0.41306304931640625
0.6074676513671875
