0.888397216796875
0.895538330078125
0.899200439453125
0.854705810546875
0.851715087890625
0.810302734375
0.804595947265625
0.7844390869140625
0.7761688232421875
0.7885589599609375
0.788299560546875
0.7716217041015625
0.76202392578125
0.7490692138671875
0.7240142822265625
0.7078857421875
0.6550750732421875
0.64752197265625
0.600830078125
0.512359619140625
0.4534912109375
0.3953857421875
0.341217041015625
0.34777069091796875
0.36273193359375
0.366973876953125
0.41652679443359375
0.721954345703125
