0.800140380859375
0.8057708740234375
0.8054351806640625
0.6886444091796875
0.6150054931640625
0.66015625
0.6459503173828125
0.50726318359375
0.522918701171875
0.5460968017578125
0.5805206298828125
0.5965576171875
0.59283447265625
0.55908203125
0.6398468017578125
0.609954833984375
0.5887908935546875
0.607757568359375
0.60772705078125
0.677398681640625
0.683929443359375
0.6853179931640625
0.685516357421875
0.6646575927734375
0.648651123046875
0.6666107177734375
0.708099365234375
0.7800140380859375
