0.884063720703125
0.875244140625
0.877716064453125
0.82672119140625
0.824615478515625
0.7859039306640625
0.766326904296875
0.7340087890625
0.7271575927734375
0.7495574951171875
0.745269775390625
0.723907470703125
0.7173309326171875
0.6829071044921875
0.66363525390625
0.6254425048828125
0.5600433349609375
0.5191802978515625
0.4512939453125
0.4467010498046875
0.40404510498046875
0.3724517822265625
0.3070068359375
0.309967041015625
0.332305908203125
0.34308624267578125
0.3677825927734375
0.683319091796875
