0.884613037109375
0.8706512451171875
0.8628082275390625
0.7784423828125
0.69061279296875
0.741424560546875
0.7216949462890625
0.6116104125976562
0.60009765625
0.6157989501953125
0.635009765625
0.6265716552734375
0.6096649169921875
0.592987060546875
0.6637115478515625
0.6412200927734375
0.6292572021484375
0.63128662109375
0.6272735595703125
0.675994873046875
0.712646484375
0.731109619140625
0.7201690673828125
0.7243194580078125
0.745269775390625
0.7631072998046875
0.7908782958984375
0.8388214111328125
