0.88385009765625
0.8694000244140625
0.8626251220703125
0.7775726318359375
0.6899871826171875
0.7406158447265625
0.7229766845703125
0.6115951538085938
0.598785400390625
0.615631103515625
0.6349334716796875
0.6267547607421875
0.60986328125
0.591705322265625
0.6643218994140625
0.6417083740234375
0.6290740966796875
0.630279541015625
0.6258087158203125
0.676422119140625
0.7135467529296875
0.7329559326171875
0.7235107421875
0.7265167236328125
0.7468109130859375
0.765625
0.79351806640625
0.8450775146484375
