0.88531494140625
0.893157958984375
0.894134521484375
0.845703125
0.8446044921875
0.81207275390625
0.807708740234375
0.7784881591796875
0.776092529296875
0.788787841796875
0.7937164306640625
0.7785491943359375
0.762176513671875
0.74932861328125
0.7218475341796875
0.704437255859375
0.64727783203125
0.6327667236328125
0.5890655517578125
0.5091094970703125
0.4590301513671875
0.4116363525390625
0.3586883544921875
0.36792755126953125
0.3893280029296875
0.391387939453125
0.43414306640625
0.717193603515625
